00351
00352
00353
00354
00356
00357
00358
00359
00360
00451
00452
00453
00455
00456
00457
00458
00459
00460
00461
00462
00463
00552
00553
00554
00555
00556
00651
00652
00653
00752
00754
00755
01301
01302
01303
01501
02301
02302
02401
02402
02403
02404
02501
03401
03501
03502
04301
04401
05301
05401
07301
07401
07402
08301
08401
08501
09301
09302
10601
11301
11401
12301
12302
12401
12402
13301
13302
13303
13304
13401
13402
13501
14301
14302
14303
14305
14306
14401
14402
14601
15401
16401
16601
17401
17402
17403
17601
18301
18401
18501
19301
19302
21401
21701
22301
22302
22303
22401
22402
22501
23301
24501
25401
25601
25602
26301
26302
26303
26501
27301
27302
27303
27401
27402
27501
28301
28302
28401
28501
29301
29302
29303
29304
29305
29307
29401
29402
29403
29501
29701
30301
30302
30303
30304
30401
30501
30601
31301
32401
33301
33302
33303
33304
33305
33401
33501
33701
34301
34302
34401
34402
34502
35301
35302
35401
35501
35701
36301
36501
37301
37302
37701
38301
38302
38303
38305
38307
38401
38402
38403
39301
39302
39401
39402
40301
40401
40402
41301
41401
41501
42301
42401
42501
43301
43401
44301
44302
44303
44304
44601
45301
45302
45303
45501
45701
46401
47301
47401
47402
48301
49401
49701
50301
50302
50401
50501
51301
51401
51501
52301
52401
53301
53302
53501
54301
54401
54402
54403
54404
54701
55401
55402
56301
56302
56303
56304
56501
56601
57301
57302
57303
57401
57402
57501
57601
58301
58501
59301
59302
59303
59304
59305
59306
59307
59401
59402
59502
59601
60301
60302
60303
60304
60305
60306
60307
60308
60401
60501
60502
60503
61301
61302
61401
62301
62302
62303
62304
62401
62402
62501
62502
62503
62601
63301
63302
63401
64301
64302
64303
64304
64601
65301
65302
65501
66301
66302
66303
66601
67301
67302
67303
67304
67306
67307
67308
67501
68301
68302
68401
68402
68403
68501
68701
69301
69302
69303
70301
70302
70303
70304
70401
71301
71302
71402
71501
72302
73401
73402
73601
74303
74401
74501
74502
74601
76301
76302
76401
76402
76403
77301
77302
77304
77305
77306
77307
77401
77402
77403
77404
77405
77406
77501
78301
78302
78303
78304
78401
79301
79302
79303
79501
80301
80302
80401
80601
81301
81302
81303
81401
81501
81502
82301
82302
82501
83302
83303
83305
83307
83401
83501
84301
84302
84303
84401
84402
85301
85303
85304
85305
86401
86601
87301
87601
88301
88302
88303
88401
88402
88501
89301
89302
89401
89402
90301
91301
91401
95301
95302
95303
95401
